4350 2855
4055 2611
3047 2919
2878 2003
2723 2917
2672 1944
2565 2044
2538 1977
2402 1935
2362 1993
2279 1901
2242 2308
2106 1644
2005 1984
1961 1955
1945 2315
1882 2823
1858 1978
1740 2512
1734 1929
1713 2018
1710 1842
1695 1904
1679 1728
1628 1871
1625 2025
1601 2488
1592 1684
1495 2615
1444 2242
1429 1936
1418 1371
1416 2011
1385 2051
1361 1949
1310 1559
1288 1821
1259 1981
1257 1650
1256 1971
1253 1598
1252 1607
1187 1901
1173 2246
1164 1687
1113 1658
1112 1907
1105 1635
1087 1455
1084 1901
1082 1839
1082 2164
1078 1418
1045 1638
1045 1569
1036 1983
1036 1627
1031 2887
1013 1320
1006 1257
1001 1952
999 1493
987 1245
984 1625
983 2021
973 1669
972 1782
968 1605
962 1805
960 1469
954 1834
930 1420
914 1434
905 1430
902 1654
898 1649
882 1534
878 1424
876 1934
866 1600
856 1396
856 1453
852 2172
851 1424
842 1205
828 1905
822 1200
820 2236
806 1520
802 1488
802 1497
799 1229
789 2242
788 1410
781 1842
773 1904
770 2450
768 1685
767 1445
764 1512
763 1502
763 1212
762 1280
758 1399
757 1453
753 1956
752 1615
750 1452
714 2036
707 1395
703 1234
684 1548
680 2008
678 1415
675 1238
672 1500
669 1443
667 1568
655 1702
650 1604
648 1818
647 1418
646 1519
642 1375
637 1336
636 1462
635 1421
634 1442
632 1404
631 1710
630 1685
629 1408
627 1248
622 1399
613 1561
607 1553
605 1694
604 1733
603 1442
597 1563
596 1384
591 1536
590 1350
590 1422
589 1380
588 1576
586 1431
586 1920
585 1521
584 1461
577 1748
575 1268
573 1932
570 1570
570 2003
559 1277
553 1322
552 1361
552 1421
552 1402
550 2070
550 1325
549 1524
548 1671
542 1733
539 1350
538 1396
538 2041
538 1427
537 1982
536 2104
532 1495
531 1373
529 1429
527 1410
524 1472
523 1279
521 1523
516 1321
512 1905
512 1419
509 1930
505 1840
502 1320
500 1592
498 1372
494 1601
492 1930
492 1955
491 1736
491 1597
488 1377
488 1389
485 1384
483 1457
483 1792
481 1549
477 1323
477 1191
476 1860
476 1373
472 1410
471 1983
470 1221
467 1395
465 1398
463 1868
462 2368
460 1679
455 1317
453 1708
452 2210
451 1572
450 1948
450 1506
445 1473
445 1422
442 1676
436 1255
435 1426
435 1190
431 1534
426 1217
425 1586
418 1320
417 1341
415 1702
414 1572
411 1139
403 1374
402 1653
401 1553
401 1681
399 1406
396 1466
395 1258
395 1404
394 1768
392 1388
389 1491
388 1416
383 1408
383 1123
383 1414
381 1350
378 1389
376 1755
376 1279
374 1554
374 1261
371 1375
371 1562
371 1544
370 1473
367 2252
365 1209
364 1130
362 1460
360 1646
359 1437
358 1477
357 1424
357 1377
356 1314
356 1335
354 1665
353 1430
353 1283
350 1965
349 1355
349 1440
348 1511
346 1249
345 1507
344 1290
343 1584
343 1304
343 1567
340 1578
336 1349
335 1379
334 1394
333 1355
333 1325
333 1411
332 1413
330 1302
328 1326
328 1451
327 1530
326 1384
325 1461
322 1190
322 1409
322 2410
316 1354
316 1746
315 1663
315 1356
314 1581
314 2215
313 1470
310 1267
310 1275
309 2110
308 1311
306 1293
306 1474
303 1611
303 1411
302 1146
302 1435
302 1620
300 1288
300 1443
299 2181
296 1479
295 1603
293 1459
293 1648
293 1402
291 1406
290 1307
289 1207
289 1281
289 1572
288 1483
287 1262
285 1422
283 2823
279 1555
278 2163
278 1444
276 1725
272 1622
269 1379
265 1437
264 1875
264 1210
260 1894
260 1354
260 1435
258 1196
257 1651
255 1325
255 1426
254 1464
252 1444
251 1341
250 1373
249 1278
249 1509
246 1413
245 1574
244 1520
242 1327
241 1496
241 1311
239 1306
235 1372
234 2440
229 2737
225 1651
224 1416
224 1600
221 1357
220 1439
220 1400
219 1290
219 1463
219 1656
216 1924
216 1680
215 1439
213 1677
213 1573
213 1402
211 1431
211 1250
209 1996
209 1460
208 1741
206 1133
204 1763
204 1478
201 1454
200 1687
200 1475
199 1569
197 1374
197 1298
196 1437
196 1519
194 1344
194 1436
193 1391
193 1507
190 1718
185 1479
183 2540
181 1361
179 1743
179 1365
178 1263
176 1375
173 1453
172 1366
171 1376
171 2125
168 1416
168 1633
164 1362
164 1910
163 1652
162 1449
162 1220
161 1868
161 1466
161 1742
160 1605
160 1775
160 2115
159 1783
156 1498
154 1372
152 1373
151 1958
149 1673
147 1403
146 1365
144 1501
142 1752
142 1589
142 1411
142 1435
141 1319
140 1714
139 1543
139 1402
136 1673
135 2365
134 1436
